431.44	401.072	340.336	280.3	297.6	355.52	431.44	492.176	522.544	568.096	575.688	537.728	507.36	476.992	568.096	583.28	545.32	575.688	590.648	600.016	601.2	583.28	460.504	322.544


250     275     325     375     400     450     475     500     550     600     625     650     600     550     500     425     400     450     500     600     550     450     350     300



350     375     425     475     500     550     575     600     650     700     725     750     700     650     600     525     500     550     600     700     650     550     450     400







431.44	401.072	340.336	280.3	297.6	355.52	431.44	492.176	522.544	568.096	575.688	537.728	507.36	476.992	568.096	583.28	545.32	575.688	613.648	644.016	659.2	583.28	460.504	322.544


238.91	223.98	216.51	209.04	209.04	216.51	238.91	283.70	324.71	354.65	369.57	373.3	369.57	373.3	373.3	362.11	358.38	358.38	347.19	343.36	343.36	347.19	324.71	268.76



331.44	301.072	240.33	203.68	179.6	255.52	331.44	392.17	422.54	468.09	475.68	437.72	407.36	376.99	468.09	483.28	445.32	475.68	513.64	544.01	559.2	483.28	460.50	422.54











两组负荷无解，可能是因为波动太大