30      25      162     6       6       140      140      80    0.00398    19.7   150   1.246
31      25      185      8       8       125      125      90     0.0079     27.74  180   1.246
32      20      130     5       5       100      100      25     0.002      16.6   100   1.246
33      20      130     5       5       100      100      40     0.00211    16.5   180   1.246
34      25      162     6       6       140      140      50    0.00398    19.7   150   1.246
35      50      180      4       4       130      130      55     0.00712    22.26  170   1.246
36      25      185      4       4       127      127      90     0.0079     27.74  180   1.246
37      15      185      3       3       130      130      90     0.0079     27.74  180   1.246
38      30      155      7       7       115      115      45      0.00222    27.27  165   1.246
10      20      180      8       8       125      125      55     0.00712    22.26  170   1.246




30      25      162     6       6       140      140      80    0.00398    19.7   150   1.246
31      25      185      8       8       125      125      90     0.0079     27.74  180   1.246
32      20      130     5       5       135      135      25     0.002      16.6   100   1.246
33      20      130     5       5       135      135      40     0.00211    16.5   180   1.246
34      25      162     6       6       140      140      50    0.00398    19.7   150   1.246
35      50      180      4       4       130      130      55     0.00712    22.26  170   1.246
36      25      185      4       4       127      127      90     0.0079     27.74  180   1.246
37      15      185      3       3       130      130      90     0.0079     27.74  180   1.246
38      30      155      7       7       115      115      45      0.00222    27.27  165   1.246
10      20      180      8       8       125      125      55     0.00712    22.26  170   1.246




30      25      162     6       6       140      140      80    0.00398    19.7   150   1.246
31      25      185      8       8       125      125      90     0.0079     27.74  180   1.246
32      20      130     5       5       135      135      25     0.002      16.6   100   1.246
33      20      130     5       5       135      135      40     0.00211    16.5   180   1.246
34      25      162     6       6       140      140      50    0.00398    19.7   150   1.246
35      50      180      8       8       130      130      55     0.00712    22.26  170   1.246
36      25      185      8       8       127      127      90     0.0079     27.74  180   1.246
37      15      185      8       8       130      130      90     0.0079     27.74  180   1.246
38      30      155      8       8       115      115      45      0.00222    27.27  165   1.246
10      20      180      8       8       125      125      55     0.00712    22.26  170   1.246




30      25      162     6       6       40      40      250    0.00398    19.7   150   1.246
31      25      85      3       3       25      25      390     0.0079     27.74  180   1.246
32      20      130     5       5       35      35      225     0.002      16.6   100   1.246
33      20      130     5       5       35      35      140     0.00211    16.5   180   1.246
34      25      162     6       6       40      40      350    0.00398    19.7   150   1.246
35      20      80      3       3       30      30      155     0.00712    22.26  170   1.246
36      25      85      3       3       27      27      190     0.0079     27.74  180   1.246
37      25      85      3       3       30      30      290     0.0079     27.74  180   1.246
38      10      55      1       1       15      15      245      0.00222    27.27  165   1.246
10      20      80      3       3       25      25      55     0.00712    22.26  170   1.246




30	50	200	8	8	150	150	80	0.01088	12.8875	6.78	1
31	80	200	8	8	150	150	110	0.01088	12.8875	6.78	1
32	25	100	5	5	50	50	50	0.0128	17.82	10.15	1
33	80	300	8	8	150	150	100	0.01088	12.8875	6.78	1
34	80	250	8	8	175	175	100	0.003	10.76	32.96	1
35	25	100	5	5	50	50	50	0.0128	17.82	10.15	1
36	25	100	5	5	50	50	50	0.0128	17.82	10.15	1
37	25	100	5	5	50	50	59	0.0128	17.82	10.15	1
38	50	250	8	8	125	125	100	0.0024	12.3299	28	1
10	50	250	8	8	125	125	100	0.0024	12.3299	28	1




55	25	100	5	5	50	50	50	0.0128	17.82	10.15	1
56	25	100	5	5	50	50	50	0.0128	17.82	10.15	1
59	50	200	8	8	100	100	100	0.0044	13.29	39	1
61	50	200	8	8	100	100	100	0.0044	13.29	39	1
62	25	100	5	5	50	50	50	0.0128	17.82	10.15	1
65	100	420	10	10	210	210	250	0.01059	8.339148	64.16	1
66	100	420	10	10	210	210	250	0.01059	8.339148	64.16	1
69	80	300	8	8	150	150	100	0.01088	12.8875	6.78	1
70	30	80	4	4	40	40	45	0.04592	15.47077	74.33	1
72	10	30	1	1	15	15	40	0.06966	26.24382	31.67	1
73	5	30	1	1	15	15	40	0.06966	26.24382	31.67	1
74	5	20	1	1	10	10	30	0.0283	37.69679	17.95	1
76	25	100	5	5	50	50	50	0.0128	17.82	10.15	1
77	25	100	5	5	50	50	50	0.0128	17.82	10.15	1
80	150	300	8	8	150	150	440	0.01088	12.8875	6.78	1
82	25	100	5	5	50	50	50	0.0128	17.82	10.15	1
85	10	30	1	1	15	15	40	0.06966	26.24382	31.67	1
87	100	300	8	8	150	150	440	0.003	10.76	32.96	1
89	50	200	8	8	100	100	400	0.01088	12.8875	6.78	1
90	8	20	1	1	10	10	30	0.0283	37.69679	17.95	1
91	20	50	1	1	25	25	45	0.00977	22.94226	58.81	1
92	100	300	8	8	150	150	100	0.01088	12.8875	6.78	1
99	100	300	8	8	150	150	100	0.01088	12.8875	6.78	1
100	100	300	8	8	150	150	110	0.01088	12.8875	6.78	1
103	8	20	1	1	10	10	30	0.0283	37.69679	17.95	1
104	25	100	5	5	50	50	50	0.0128	17.82	10.15	1
105	25	100	5	5	50	50	50	0.0128	17.82	10.15	1
107	8	20	1	1	10	10	30	0.0283	37.69679	17.95	1
110	25	50	2	2	25	25	45	0.00977	22.94226	58.81	1
111	25	100	5	5	50	50	50	0.0128	17.82	10.15	1
112	25	100	5	5	50	50	50	0.0128	17.82	10.15	1
113	25	100	5	5	50	50	50	0.0128	17.82	10.15	1
116	25	50	2	2	25	25	45	0.00977	22.94226	58.81	1




